30 30 30 30 30 30 30 30 30 30 30 30 30 30 30 30 30 30 30 30 30 30 30 30 30 30 30 30 30 30 30 30 30 30 30 30 30 30 30 30 30 30 30 30 30 30 30 30 30 30 
30 30 30 30 30 30 30 30 30 30 30 30 30 30 30 30 30 30 30 30 30 30 30 30 30 30 30 30 30 30 30 30 30 30 30 30 30 30 30 30 30 30 30 30 30 30 30 30 30 30 
30 30 30 30 30 30 30 30 30 30 30 30 30 30 30 30 30 30 30 30 30 30 30 30 30 30 30 30 30 30 30 30 30 30 30 30 30 30 30 30 30 30 30 30 30 30 30 30 30 30 
30 30 30 30 30 30 30 30 30 30 30 30 30 30 30 30 30 30 30 30 30 30 30 30 30 30 30 30 30 30 30 30 30 30 30 30 30 30 30 30 30 30 30 30 30 30 30 30 30 30 
30 30 30 30 30 30 30 30 30 30 30 30 30 30 30 30 30 30 30 30 30 30 30 30 30 30 30 30 30 30 30 30 30 30 30 30 30 30 30 30 30 30 30 30 30 30 30 30 30 30 
30 30 30 30 30 30 30 30 30 30 30 30 30 30 30 30 30 30 30 30 30 30 30 30 30 30 30 30 30 30 30 30 30 30 30 30 30 30 30 30 30 30 30 30 30 30 30 30 30 30 
30 30 30 30 30 30 30 30 30 30 30 30 30 30 30 30 30 30 30 30 30 30 30 30 30 30 30 30 30 30 30 30 30 30 30 30 30 30 30 30 30 30 30 30 30 30 30 30 30 30 
30 30 30 30 30 30 30 30 30 30 30 30 30 30 30 30 30 30 30 30 30 30 30 30 30 30 30 30 30 30 30 30 30 30 30 30 30 30 30 30 30 30 30 30 30 30 30 30 30 30 
30 30 30 30 30 30 30 9 34 34 34 34 34 34 34 34 34 34 34 34 34 34 34 34 34 34 34 34 34 34 34 34 34 34 34 34 34 34 34 34 34 34 34 4 30 30 30 30 30 30 
30 30 30 30 30 30 30 32 1 1 1 1 1 1 1 1 1 1 1 1 1 1 1 1 1 1 1 1 1 1 1 1 1 1 1 1 1 1 1 1 1 1 1 18 30 30 30 30 30 30 
30 30 30 30 30 30 30 32 1 1 1 1 1 1 1 1 1 35 35 35 35 35 35 35 35 35 35 35 1 1 1 1 1 1 1 1 1 1 1 1 1 1 1 18 30 30 30 30 30 30 
30 30 30 30 30 30 30 32 1 1 1 1 1 1 1 1 1 35 20 23 23 23 23 23 23 23 23 35 1 1 1 1 1 1 1 1 1 1 1 1 1 1 1 18 30 30 30 30 30 30 
30 30 30 30 30 30 30 32 1 1 1 1 1 1 1 1 1 35 26 23 23 23 23 23 23 23 23 35 1 1 1 1 1 1 1 1 1 1 1 1 1 1 1 18 30 30 30 30 30 30 
30 30 30 30 30 30 30 32 1 1 1 1 1 1 1 1 1 35 23 23 23 23 23 23 23 23 23 35 1 24 25 25 25 25 25 21 1 1 1 1 1 1 1 18 30 30 30 30 30 30 
30 30 30 30 30 30 30 32 1 1 1 1 1 1 1 1 1 35 23 23 23 23 23 23 23 23 23 35 1 18 30 30 31 30 31 32 0 0 0 1 1 1 1 18 30 30 30 30 30 30 
30 30 30 30 30 30 30 32 1 1 1 1 1 1 1 1 1 35 23 23 23 23 23 23 23 23 23 35 1 18 31 31 30 31 30 32 0 0 0 0 0 1 1 18 30 30 30 30 30 30 
30 30 30 30 30 30 30 32 1 1 0 0 0 1 1 1 1 35 23 23 23 23 23 23 23 23 23 35 1 18 30 30 31 30 31 32 0 0 0 0 0 0 1 18 30 30 30 30 30 30 
30 30 30 30 30 30 30 32 1 0 0 0 0 0 1 1 1 35 23 23 23 23 23 23 23 23 23 35 0 29 34 34 34 34 34 37 0 0 0 0 0 0 1 18 30 30 30 30 30 30 
30 30 30 30 30 30 30 32 1 0 0 0 0 0 0 1 1 35 35 35 35 35 3 35 35 35 35 35 0 16 10 10 10 10 10 15 0 0 0 0 0 0 1 18 30 30 30 30 30 30 
30 30 30 30 30 30 30 32 1 0 0 0 0 0 0 1 1 0 0 0 0 8 12 5 0 0 0 0 0 22 3 3 3 3 3 14 0 0 0 0 0 0 1 18 30 30 30 30 30 30 
30 30 30 30 30 30 30 32 1 0 0 0 0 0 0 0 1 0 0 0 0 0 0 0 0 0 0 0 0 22 3 3 3 3 3 14 0 0 0 0 0 0 1 18 30 30 30 30 30 30 
30 30 30 30 30 30 30 32 1 0 0 0 0 0 0 0 0 0 0 0 0 0 0 0 0 0 0 0 0 8 12 12 12 12 12 5 0 0 0 0 0 0 1 18 30 30 30 30 30 30 
30 30 30 30 30 30 30 32 1 0 0 0 0 0 0 1 1 0 0 0 0 0 0 0 0 0 0 0 0 0 0 0 0 0 0 0 0 0 0 0 0 0 1 18 30 30 30 30 30 30 
30 30 30 30 30 30 30 32 1 1 0 0 0 0 1 1 1 0 0 0 0 0 0 0 0 0 0 0 0 0 0 0 0 0 0 0 0 0 0 0 0 0 1 18 30 30 30 30 30 30 
30 30 30 30 30 30 30 32 1 1 1 1 1 1 1 1 1 0 0 0 0 0 0 0 0 0 0 0 0 0 0 0 0 0 0 0 0 0 0 0 0 0 1 18 30 30 30 30 30 30 
30 30 30 30 30 30 30 32 1 1 1 1 1 1 1 1 1 0 0 0 0 0 0 0 0 0 0 0 0 0 0 0 0 0 0 0 0 0 0 0 0 1 1 18 30 30 30 30 30 30 
30 30 30 30 30 30 30 32 1 1 1 1 1 1 1 1 1 1 0 0 0 0 0 0 0 0 0 0 0 1 1 1 1 1 1 1 1 1 1 1 1 1 1 18 30 30 30 30 30 30 
30 30 30 30 30 30 30 32 1 1 1 1 1 1 1 1 1 1 1 1 0 0 0 0 1 1 1 1 1 1 1 1 1 1 1 1 1 1 1 1 1 1 1 18 30 30 30 30 30 30 
30 30 30 30 30 30 30 32 1 1 1 0 0 0 0 0 0 0 0 0 0 0 0 0 0 1 1 1 1 1 1 1 1 1 1 1 1 1 1 1 1 1 1 18 30 30 30 30 30 30 
30 30 30 30 30 30 30 32 1 1 0 0 16 10 10 10 10 10 10 10 10 10 10 10 10 10 10 10 10 10 10 10 15 0 0 0 0 0 0 1 1 1 1 18 30 30 30 30 30 30 
30 30 30 30 30 30 30 32 1 1 0 16 13 3 3 3 3 3 3 3 3 3 3 3 3 3 3 3 3 3 3 3 27 10 10 10 10 10 15 0 1 1 1 18 30 30 30 30 30 30 
30 30 30 30 30 30 30 32 1 1 0 22 3 3 3 3 3 3 3 3 3 3 3 3 3 3 3 3 3 3 3 3 3 3 3 3 3 3 27 15 0 1 1 18 30 30 30 30 30 30 
30 30 30 30 30 30 30 32 1 1 0 22 3 3 3 3 3 3 3 3 3 3 3 3 3 3 3 3 3 3 3 3 3 3 3 3 3 3 3 14 0 0 1 18 30 30 30 30 30 30 
30 30 30 30 30 30 30 32 1 1 0 22 3 3 3 3 3 3 3 3 3 3 3 3 3 3 3 3 3 3 3 3 3 3 3 3 3 3 3 14 0 0 1 18 30 30 30 30 30 30 
30 30 30 30 30 30 30 32 1 1 0 22 3 3 3 3 3 3 3 3 3 3 3 3 3 3 3 3 3 3 3 3 3 3 3 3 3 3 3 14 0 0 1 18 30 30 30 30 30 30 
30 30 30 30 30 30 30 32 1 1 0 22 3 3 3 3 3 3 3 3 3 3 3 3 3 3 3 3 3 3 3 3 3 3 3 3 3 3 3 14 0 0 1 18 30 30 30 30 30 30 
30 30 30 30 30 30 30 32 1 1 0 22 3 3 3 3 3 3 3 3 3 3 3 3 3 3 3 3 3 3 3 3 3 3 3 3 3 3 3 14 0 0 1 18 30 30 30 30 30 30 
30 30 30 30 30 30 30 32 1 1 0 22 3 3 3 3 3 3 3 3 3 3 3 3 3 3 3 3 3 3 3 3 3 3 3 3 3 3 3 14 0 0 1 18 30 30 30 30 30 30 
30 30 30 30 30 30 30 32 1 1 1 8 17 3 3 3 3 3 3 3 3 3 3 3 3 3 3 3 3 3 3 3 3 3 3 3 11 12 12 5 0 1 1 18 30 30 30 30 30 30 
30 30 30 30 30 30 30 32 1 1 1 1 1 12 17 3 3 3 3 3 3 3 3 3 3 3 3 3 3 3 3 3 3 11 12 12 5 0 0 0 1 1 1 18 30 30 30 30 30 30 
30 30 30 30 30 30 30 32 1 1 1 1 1 1 8 12 12 12 12 12 12 12 12 12 12 12 12 12 12 12 12 12 12 5 0 0 0 0 1 1 1 1 1 18 30 30 30 30 30 30 
30 30 30 30 30 30 30 32 1 1 1 1 1 1 1 1 1 1 1 1 1 1 1 1 1 1 1 1 1 1 1 1 1 1 1 1 1 1 1 1 1 1 1 18 30 30 30 30 30 30 
30 30 30 30 30 30 30 32 1 1 1 1 1 1 1 1 1 1 1 1 1 1 1 1 1 1 1 1 1 1 1 1 1 1 1 1 1 1 1 1 1 1 1 18 30 30 30 30 30 30 
30 30 30 30 30 30 30 33 25 25 25 25 25 25 25 25 25 25 25 25 25 25 25 25 25 25 25 25 25 25 25 25 25 25 25 25 25 25 25 25 25 25 25 28 30 30 30 30 30 30 
30 30 30 30 30 30 30 30 30 30 30 30 30 30 30 30 30 30 30 30 30 30 30 30 30 30 30 30 30 30 30 30 30 30 30 30 30 30 30 30 30 30 30 30 30 30 30 30 30 30 
30 30 30 30 30 30 30 30 30 30 30 30 30 30 30 30 30 30 30 30 30 30 30 30 30 30 30 30 30 30 30 30 30 30 30 30 30 30 30 30 30 30 30 30 30 30 30 30 30 30 
30 30 30 30 30 30 30 30 30 30 30 30 30 30 30 30 30 30 30 30 30 30 30 30 30 30 30 30 30 30 30 30 30 30 30 30 30 30 30 30 30 30 30 30 30 30 30 30 30 30 
30 30 30 30 30 30 30 30 30 30 30 30 30 30 30 30 30 30 30 30 30 30 30 30 30 30 30 30 30 30 30 30 30 30 30 30 30 30 30 30 30 30 30 30 30 30 30 30 30 30 
30 30 30 30 30 30 30 30 30 30 30 30 30 30 30 30 30 30 30 30 30 30 30 30 30 30 30 30 30 30 30 30 30 30 30 30 30 30 30 30 30 30 30 30 30 30 30 30 30 30 
30 30 30 30 30 30 30 30 30 30 30 30 30 30 30 30 30 30 30 30 30 30 30 30 30 30 30 30 30 30 30 30 30 30 30 30 30 30 30 30 30 30 30 30 30 30 30 30 30 30 
